150590
150583
150580
150579
150578
150577
150567
150566
150557
150556
150554
150545
150543
150539
150536
150535
150532
150531
150529
150528
150524
150520
150498
150489
150480
150470
150466
150463
150462
150461
150459
150458
150457
150455
150453
150441
150438
150437
150432
150424
150423
150419
150413
150407
150403
150399
150398
150394
150393
150389
150385
150383
150382
150378
150377
150374
150373
150372
150370
150368
150367
150353
150351
150350
150348
150345
150343
150338
150337
150331
150330
150328
150316
150315
150314
150312
150308
150307
150304
150302
150298
150295
150294
150283
150280
150278
150273
150272
150271
150264
150259
150258
150256
150252
150251
150249
150248
150243
150239
150238
