9654300
9660263
9659624
9659047
9658591
9658381
9658091
9657812
9657463
9657053
9656812
9656307
9656022
9654788
9654001
9653729
9653472
9653091
9652470
9651852
9651496
9651201
9650875
9650215
9649860
9649302
9647970
9647572
9647252
9646447
9646202
9645929
9645181
9644996
9644521
9643934
9643151
9642822
9641570
9641136
9640497
9639828
9639380
9638759
9638219
9637707
9637043
9636716
9636259
9635545
9634388
9633499
9632187
9631874
9631319
9630684
9629850
9629405
9628970
9628329
9627713
9626842
9626151
9625208
9624778
9623949
9623128
9621953
9621675
9620963
9620545
9620202
9619973
9619751
9619295
9619028
9618731
9618046
9617404
9617197
9616846
9616331
9614923
9614605
9614001
9613341
9612324
9611765
9611272
9610650
9610157
9609506
9608983
9608307
9607717
9606512
9606105
9605431
9604951
9604291
