120561
120557
120517
120515
120494
120482
120471
120465
120447
120430
120415
120414
120412
120385
120367
120325
120302
120259
120246
120245
120237
120229
120228
120169
120168
120141
120132
120123
120077
120056
120004
119995
119976
119975
119974
119971
119970
119953
119945
119911
119866
119862
119854
119849
119846
119833
119819
119815
119814
119805
119802
119791
119785
119768
119758
119740
119727
119724
119720
119698
119687
119680
119679
119675
119667
119660
119658
119657
119656
119654
119652
119651
119650
119648
119624
119622
119585
119434
119422
119418
119412
119408
119401
119399
119378
119340
119329
119326
119319
119313
119310
119287
119278
119267
119260
119238
119227
119222
119190
119155
