32854861
32854626
32854464
32854249
32854026
32853793
32853526
32853214
32852961
32852704
32852424
32851991
32851724
32851461
32851240
32850910
32850542
32850365
32850063
32849665
32849177
32848889
32848723
32848541
32848349
32848225
32848118
32848022
32847912
32847804
32847663
32847471
32847372
32847206
32847020
32846880
32846640
32846454
32846230
32845939
32845692
32845451
32845222
32844931
32844627
32844404
32843980
32843660
32843409
32843047
32842845
32842553
32842237
32842010
32841731
32841368
32841039
32840914
32840552
32840227
32839965
32839624
32839465
32839167
32838939
32838703
32838506
32838342
32838232
32838131
32838083
32837931
32837855
32837628
32837377
32837193
32837086
32836963
32836786
32836646
32836465
32836358
32836271
32836157
32836014
32835797
32835596
32835353
32835169
32834974
32834612
32834205
32833702
32833196
32832891
32832591
32832293
32831922
32831564
32831250
