46161
46156
46149
46147
46144
46134
46128
46116
46082
46076
46075
46061
46060
46018
46017
46013
45990
45982
45976
45975
45957
45956
45955
45931
45914
45904
45901
45900
45897
45888
45884
45876
45874
45866
45865
45849
45824
45795
45766
45765
45764
45754
45753
45750
45740
45732
45730
45727
45726
45716
45709
45708
45685
45671
45670
45667
45617
45613
45600
45597
45595
45594
45589
45581
45565
45550
45548
45544
45543
45542
45541
45540
45539
45522
45519
45518
45517
45515
45490
45486
45481
45473
45462
45435
45431
45424
45422
45420
45418
45368
45361
45341
45339
45337
45324
45322
45320
45318
45312
45291
