90692
90691
90690
90688
90687
90685
90683
90679
90677
90676
90674
90673
90670
90667
90666
90665
90658
90657
90654
90652
90651
90648
90647
90646
90645
90644
90643
90635
90634
90631
90624
90623
90622
90621
90620
90619
90617
90616
90610
90608
90607
90606
90603
90602
90598
90595
90592
90591
90589
90588
90587
90586
90585
90576
90574
90573
90572
90571
90569
90567
90564
90563
90560
90559
90556
90555
90554
90552
90551
90550
90549
90548
90546
90540
90537
90536
90534
90532
90531
90530
90528
90527
90525
90524
90518
90516
90515
90514
90513
90512
90511
90510
90509
90508
90506
90505
90502
90501
90499
90498
